11724	4004	64
0.0	0.3826834261417389	-0.9238795042037964	0.0	0.0	1.0	2	0.0	0	0.0	0	0.27546706795692444	0.45315825939178467	-0.8478004336357117	0.9613105058670044	-0.12985414266586304	0.2429402768611908	-7.750442065912466e-09	-0.8819215297698975	-0.4713963270187378
0.48872578144073486	0.5555701851844788	-0.6726730465888977	0.0	0.0	1.0	2	0.0	0	0.0	0	0.27546706795692444	0.45315825939178467	-0.8478004336357117	0.9613105058670044	-0.12985414266586304	0.2429402768611908	-7.750442065912466e-09	-0.8819215297698975	-0.4713963270187378
0.5430428981781006	0.3826834261417389	-0.747434139251709	0.0	0.0	1.0	2	0.0	0	0.0	0	0.27546706795692444	0.45315825939178467	-0.8478004336357117	0.9613105058670044	-0.12985414266586304	0.2429402768611908	-7.750442065912466e-09	-0.8819215297698975	-0.4713963270187378
-1.3630079820359242e-07	-0.8314696550369263	-0.5555700659751892	0.0	0.0	1.0	2	0.0	0	0.0	0	0.15140043199062347	-0.8717548251152039	-0.4659629762172699	0.9884724617004395	0.13352324068546295	0.0713697075843811	-7.537468427187832e-09	-0.4713969826698303	0.881921112537384
0.22493577003479004	-0.9238796234130859	-0.3095972239971161	0.0	0.0	1.0	2	0.0	0	0.0	0	0.15140043199062347	-0.8717548251152039	-0.4659629762172699	0.9884724617004395	0.13352324068546295	0.0713697075843811	-7.537468427187832e-09	-0.4713969826698303	0.881921112537384
-6.179499223435414e-08	-0.9238796234130859	-0.38268324732780457	0.0	0.0	1.0	2	0.0	0	0.0	0	0.15140043199062347	-0.8717548251152039	-0.4659629762172699	0.9884724617004395	0.13352324068546295	0.0713697075843811	-7.537468427187832e-09	-0.4713969826698303	0.881921112537384
0.0	0.3826834261417389	-0.9238795042037964	0.0	0.0	1.0	2	0.0	0	0.0	0	0.2969076931476593	0.2771942913532257	-0.9137884378433228	0.954906165599823	-0.08618762344121933	0.28412291407585144	-7.802421819746996e-09	-0.9569404721260071	-0.29028430581092834
0.5764912962913513	0.19509035348892212	-0.7934718728065491	0.0	0.0	1.0	2	0.0	0	0.0	0	0.2969076931476593	0.2771942913532257	-0.9137884378433228	0.954906165599823	-0.08618762344121933	0.28412291407585144	-7.802421819746996e-09	-0.9569404721260071	-0.29028430581092834
-1.0649847581589711e-07	0.19509035348892212	-0.9807851910591125	0.0	0.0	1.0	2	0.0	0	0.0	0	0.2969076931476593	0.2771942913532257	-0.9137884378433228	0.954906165599823	-0.08618762344121933	0.28412291407585144	-7.802421819746996e-09	-0.9569404721260071	-0.29028430581092834
-6.179499223435414e-08	-0.9238796234130859	-0.38268324732780457	0.0	0.0	1.0	2	0.0	0	0.0	0	0.09390231966972351	-0.9527121186256409	-0.2890017032623291	0.9955814480781555	0.08985893428325653	0.027258375659585	1.870912091916921e-09	-0.29028433561325073	0.9569405317306519
0.1146712675690651	-0.9807853102684021	-0.1578311324119568	0.0	0.0	1.0	2	0.0	0	0.0	0	0.09390231966972351	-0.9527121186256409	-0.2890017032623291	0.9955814480781555	0.08985893428325653	0.027258375659585	1.870912091916921e-09	-0.29028433561325073	0.9569405317306519
-3.9443250443582656e-08	-0.9807853102684021	-0.19509008526802063	0.0	0.0	1.0	2	0.0	0	0.0	0	0.09390231966972351	-0.9527121186256409	-0.2890017032623291	0.9955814480781555	0.08985893428325653	0.027258375659585	1.870912091916921e-09	-0.29028433561325073	0.9569405317306519
-1.0649847581589711e-07	0.19509035348892212	-0.9807851910591125	0.0	0.0	1.0	2	0.0	0	0.0	0	0.307669997215271	0.0932627022266388	-0.9469114542007446	0.9514931440353394	-0.030156955122947693	0.3061884939670563	0.0	-0.9951847195625305	-0.09801720827817917
0.5877854228019714	7.549790126404332e-08	-0.8090169429779053	0.0	0.0	1.0	2	0.0	0	0.0	0	0.307669997215271	0.0932627022266388	-0.9469114542007446	0.9514931440353394	-0.030156955122947693	0.3061884939670563	0.0	-0.9951847195625305	-0.09801720827817917
-1.9590544297898305e-07	7.549790126404332e-08	-0.9999999403953552	0.0	0.0	1.0	2	0.0	0	0.0	0	0.307669997215271	0.0932627022266388	-0.9469114542007446	0.9514931440353394	-0.030156955122947693	0.3061884939670563	0.0	-0.9951847195625305	-0.09801720827817917
-3.199266984665883e-08	0.9807852506637573	-0.19509032368659973	0.0	0.0	1.0	2	0.0	0	0.0	0	0.031831495463848114	0.9946804642677307	-0.09796729683876038	0.9994932413101196	-0.0316782183945179	0.003120026784017682	0.0	-0.09801696240901947	-0.9951847791671753
-1.9152469121763716e-07	1.0	5.894526111660525e-07	0.0	0.0	1.0	2	0.0	0	0.0	0	0.031831495463848114	0.9946804642677307	-0.09796729683876038	0.9994932413101196	-0.0316782183945179	0.003120026784017682	0.0	-0.09801696240901947	-0.9951847791671753
0.11467140913009644	0.9807852506637573	-0.1578313261270523	0.0	0.0	1.0	2	0.0	0	0.0	0	0.031831495463848114	0.9946804642677307	-0.09796729683876038	0.9994932413101196	-0.0316782183945179	0.003120026784017682	0.0	-0.09801696240901947	-0.9951847791671753
0.0	-1.0	3.2584136988589307e-07	0.0	0.0	1.0	2	0.0	0	0.0	0	0.031831491738557816	-0.9946804642677307	-0.09796728938817978	0.9994932413101196	0.0316782146692276	0.003120026085525751	0.0	-0.09801695495843887	0.9951847791671753
-3.9443250443582656e-08	-0.9807853102684021	-0.19509008526802063	0.0	0.0	1.0	2	0.0	0	0.0	0	0.031831491738557816	-0.9946804642677307	-0.09796728938817978	0.9994932413101196	0.0316782146692276	0.003120026085525751	0.0	-0.09801695495843887	0.9951847791671753
0.1146712675690651	-0.9807853102684021	-0.1578311324119568	0.0	0.0	1.0	2	0.0	0	0.0	0	0.031831491738557816	-0.9946804642677307	-0.09796728938817978	0.9994932413101196	0.0316782146692276	0.003120026085525751	0.0	-0.09801695495843887	0.9951847791671753
0.0	-0.19509020447731018	-0.9807853102684021	0.0	0.0	1.0	2	0.0	0	0.0	0	0.3076701760292053	-0.09326253086328506	-0.9469113945960999	0.9514930248260498	0.03015691600739956	0.3061886429786682	1.9576023024825417e-09	-0.9951847195625305	0.09801702946424484
0.5877854228019714	7.549790126404332e-08	-0.8090169429779053	0.0	0.0	1.0	2	0.0	0	0.0	0	0.3076701760292053	-0.09326253086328506	-0.9469113945960999	0.9514930248260498	0.03015691600739956	0.3061886429786682	1.9576023024825417e-09	-0.9951847195625305	0.09801702946424484
0.5764912962913513	-0.19509020447731018	-0.7934719324111938	0.0	0.0	1.0	2	0.0	0	0.0	0	0.3076701760292053	-0.09326253086328506	-0.9469113945960999	0.9514930248260498	0.03015691600739956	0.3061886429786682	1.9576023024825417e-09	-0.9951847195625305	0.09801702946424484
-3.199266984665883e-08	0.9807852506637573	-0.19509032368659973	0.0	0.0	1.0	2	0.0	0	0.0	0	0.09390240907669067	0.9527119994163513	-0.2890019714832306	0.9955814480781555	-0.0898590087890625	0.027258427813649178	0.0	-0.2902846038341522	-0.9569404125213623
0.2249358892440796	0.9238795042037964	-0.309597373008728	0.0	0.0	1.0	2	0.0	0	0.0	0	0.09390240907669067	0.9527119994163513	-0.2890019714832306	0.9955814480781555	-0.0898590087890625	0.027258427813649178	0.0	-0.2902846038341522	-0.9569404125213623
0.0	0.9238795042037964	-0.3826834559440613	0.0	0.0	1.0	2	0.0	0	0.0	0	0.09390240907669067	0.9527119994163513	-0.2890019714832306	0.9955814480781555	-0.0898590087890625	0.027258427813649178	0.0	-0.2902846038341522	-0.9569404125213623
0.0	-0.19509020447731018	-0.9807853102684021	0.0	0.0	1.0	2	0.0	0	0.0	0	0.2969077527523041	-0.2771948277950287	-0.9137882590293884	0.9549062252044678	0.08618781715631485	0.28412294387817383	0.0	-0.956940233707428	0.2902848720550537
0.5430429577827454	-0.38268327713012695	-0.7474341988563538	0.0	0.0	1.0	2	0.0	0	0.0	0	0.2969077527523041	-0.2771948277950287	-0.9137882590293884	0.9549062252044678	0.08618781715631485	0.28412294387817383	0.0	-0.956940233707428	0.2902848720550537
-1.3630079820359242e-07	-0.38268327713012695	-0.9238795638084412	0.0	0.0	1.0	2	0.0	0	0.0	0	0.2969077527523041	-0.2771948277950287	-0.9137882590293884	0.9549062252044678	0.08618781715631485	0.28412294387817383	0.0	-0.956940233707428	0.2902848720550537
0.0	0.9238795042037964	-0.3826834559440613	0.0	0.0	1.0	2	0.0	0	0.0	0	0.15140044689178467	0.8717550039291382	-0.4659627377986908	0.9884724617004395	-0.13352325558662415	0.07136965543031693	-3.768734657683126e-09	-0.47139671444892883	-0.8819212913513184
0.32655617594718933	0.8314695954322815	-0.44946572184562683	0.0	0.0	1.0	2	0.0	0	0.0	0	0.15140044689178467	0.8717550039291382	-0.4659627377986908	0.9884724617004395	-0.13352325558662415	0.07136965543031693	-3.768734657683126e-09	-0.47139671444892883	-0.8819212913513184
0.0	0.8314695954322815	-0.5555702447891235	0.0	0.0	1.0	2	0.0	0	0.0	0	0.15140044689178467	0.8717550039291382	-0.4659627377986908	0.9884724617004395	-0.13352325558662415	0.07136965543031693	-3.768734657683126e-09	-0.47139671444892883	-0.8819212913513184
-4.6893831040506484e-08	-0.5555701851844788	-0.831469714641571	0.0	0.0	1.0	2	0.0	0	0.0	0	0.27546706795692444	-0.4531582295894623	-0.8478003740310669	0.9613105058670044	0.12985415756702423	0.24294032156467438	0.0	-0.8819215297698975	0.4713963270187378
0.5430429577827454	-0.38268327713012695	-0.7474341988563538	0.0	0.0	1.0	2	0.0	0	0.0	0	0.27546706795692444	-0.4531582295894623	-0.8478003740310669	0.9613105058670044	0.12985415756702423	0.24294032156467438	0.0	-0.8819215297698975	0.4713963270187378
0.48872578144073486	-0.5555701851844788	-0.6726730465888977	0.0	0.0	1.0	2	0.0	0	0.0	0	0.27546706795692444	-0.4531582295894623	-0.8478003740310669	0.9613105058670044	0.12985415756702423	0.24294032156467438	0.0	-0.8819215297698975	0.4713963270187378
0.0	0.7071067690849304	-0.7071067690849304	0.0	0.0	1.0	2	0.0	0	0.0	0	0.20188263058662415	0.7570938467979431	-0.621330976486206	0.9794097542762756	-0.1560574173927307	0.12807302176952362	0.0	-0.6343932747840881	-0.7730104327201843
0.32655617594718933	0.8314695954322815	-0.44946572184562683	0.0	0.0	1.0	2	0.0	0	0.0	0	0.20188263058662415	0.7570938467979431	-0.621330976486206	0.9794097542762756	-0.1560574173927307	0.12807302176952362	0.0	-0.6343932747840881	-0.7730104327201843
0.4156270921230316	0.7071067690849304	-0.5720613598823547	0.0	0.0	1.0	2	0.0	0	0.0	0	0.20188263058662415	0.7570938467979431	-0.621330976486206	0.9794097542762756	-0.1560574173927307	0.12807302176952362	0.0	-0.6343932747840881	-0.7730104327201843
0.0	-0.7071067690849304	-0.7071067690849304	0.0	0.0	1.0	2	0.0	0	0.0	0	0.24360008537769318	-0.6152827739715576	-0.7497240900993347	0.9698757529258728	0.15453828871250153	0.18830539286136627	7.681994595998276e-09	-0.7730104327201843	0.6343933939933777
0.48872578144073486	-0.5555701851844788	-0.6726730465888977	0.0	0.0	1.0	2	0.0	0	0.0	0	0.24360008537769318	-0.6152827739715576	-0.7497240900993347	0.9698757529258728	0.15453828871250153	0.18830539286136627	7.681994595998276e-09	-0.7730104327201843	0.6343933939933777
0.4156270921230316	-0.7071067690849304	-0.5720613598823547	0.0	0.0	1.0	2	0.0	0	0.0	0	0.24360008537769318	-0.6152827739715576	-0.7497240900993347	0.9698757529258728	0.15453828871250153	0.18830539286136627	7.681994595998276e-09	-0.7730104327201843	0.6343933939933777
0.0	0.7071067690849304	-0.7071067690849304	0.0	0.0	1.0	2	0.0	0	0.0	0	0.24360010027885437	0.6152827739715576	-0.7497240900993347	0.9698757529258728	-0.15453825891017914	0.18830537796020508	7.681994595998276e-09	-0.7730103731155396	-0.6343933343887329
0.48872578144073486	0.5555701851844788	-0.6726730465888977	0.0	0.0	1.0	2	0.0	0	0.0	0	0.24360010027885437	0.6152827739715576	-0.7497240900993347	0.9698757529258728	-0.15453825891017914	0.18830537796020508	7.681994595998276e-09	-0.7730103731155396	-0.6343933343887329
0.0	0.5555701851844788	-0.8314696550369263	0.0	0.0	1.0	2	0.0	0	0.0	0	0.24360010027885437	0.6152827739715576	-0.7497240900993347	0.9698757529258728	-0.15453825891017914	0.18830537796020508	7.681994595998276e-09	-0.7730103731155396	-0.6343933343887329
0.0	-0.7071067690849304	-0.7071067690849304	0.0	0.0	1.0	2	0.0	0	0.0	0	0.2018822729587555	-0.7570943832397461	-0.6213306784629822	0.9794098734855652	0.15605714917182922	0.12807267904281616	0.0	-0.6343929767608643	0.773010790348053
0.32655614614486694	-0.8314696550369263	-0.44946566224098206	0.0	0.0	1.0	2	0.0	0	0.0	0	0.2018822729587555	-0.7570943832397461	-0.6213306784629822	0.9794098734855652	0.15605714917182922	0.12807267904281616	0.0	-0.6343929767608643	0.773010790348053
-1.3630079820359242e-07	-0.8314696550369263	-0.5555700659751892	0.0	0.0	1.0	2	0.0	0	0.0	0	0.2018822729587555	-0.7570943832397461	-0.6213306784629822	0.9794098734855652	0.15605714917182922	0.12807267904281616	0.0	-0.6343929767608643	0.773010790348053
0.4156270921230316	0.7071067690849304	-0.5720613598823547	0.0	0.0	1.0	2	0.0	0	0.0	0	0.6377533078193665	0.6152828335762024	-0.4633549749851227	0.7702407836914062	-0.509449303150177	0.38365423679351807	0.0	-0.6015715599060059	-0.798818826675415
0.790774941444397	0.5555701851844788	-0.25693807005882263	0.0	0.0	1.0	2	0.0	0	0.0	0	0.6377533078193665	0.6152828335762024	-0.4633549749851227	0.7702407836914062	-0.509449303150177	0.38365423679351807	0.0	-0.6015715599060059	-0.798818826675415
0.48872578144073486	0.5555701851844788	-0.6726730465888977	0.0	0.0	1.0	2	0.0	0	0.0	0	0.6377533078193665	0.6152828335762024	-0.4633549749851227	0.7702407836914062	-0.509449303150177	0.38365423679351807	0.0	-0.6015715599060059	-0.798818826675415
0.32655614614486694	-0.8314696550369263	-0.44946566224098206	0.0	0.0	1.0	2	0.0	0	0.0	0	0.5285357236862183	-0.7570939064025879	-0.3840036988258362	0.8489110469818115	0.4713699519634247	0.23908238112926483	-1.755326550778591e-08	-0.452348530292511	0.8918412327766418
0.6724987626075745	-0.7071067690849304	-0.2185078263282776	0.0	0.0	1.0	2	0.0	0	0.0	0	0.5285357236862183	-0.7570939064025879	-0.3840036988258362	0.8489110469818115	0.4713699519634247	0.23908238112926483	-1.755326550778591e-08	-0.452348530292511	0.8918412327766418
0.5283789038658142	-0.8314696550369263	-0.17168043553829193	0.0	0.0	1.0	2	0.0	0	0.0	0	0.5285357236862183	-0.7570939064025879	-0.3840036988258362	0.8489110469818115	0.4713699519634247	0.23908238112926483	-1.755326550778591e-08	-0.452348530292511	0.8918412327766418
0.48872578144073486	0.5555701851844788	-0.6726730465888977	0.0	0.0	1.0	2	0.0	0	0.0	0	0.7211821675300598	0.4531582295894623	-0.5239694714546204	0.6927454471588135	-0.4717600345611572	0.5454779863357544	0.0	-0.7563664317131042	-0.6541481018066406
0.8786618709564209	0.3826834261417389	-0.28549426794052124	0.0	0.0	1.0	2	0.0	0	0.0	0	0.7211821675300598	0.4531582295894623	-0.5239694714546204	0.6927454471588135	-0.4717600345611572	0.5454779863357544	0.0	-0.7563664317131042	-0.6541481018066406
0.5430428981781006	0.3826834261417389	-0.747434139251709	0.0	0.0	1.0	2	0.0	0	0.0	0	0.7211821675300598	0.4531582295894623	-0.5239694714546204	0.6927454471588135	-0.4717600345611572	0.5454779863357544	0.0	-0.7563664317131042	-0.6541481018066406
0.22493577003479004	-0.9238796234130859	-0.3095972239971161	0.0	0.0	1.0	2	0.0	0	0.0	0	0.39637160301208496	-0.8717549443244934	-0.2879808247089386	0.9180901646614075	0.37636709213256836	0.12433139234781265	0.0	-0.3136737644672394	0.9495307803153992
0.5283789038658142	-0.8314696550369263	-0.17168043553829193	0.0	0.0	1.0	2	0.0	0	0.0	0	0.39637160301208496	-0.8717549443244934	-0.2879808247089386	0.9180901646614075	0.37636709213256836	0.12433139234781265	0.0	-0.3136737644672394	0.9495307803153992
0.36395370960235596	-0.9238796234130859	-0.11825543642044067	0.0	0.0	1.0	2	0.0	0	0.0	0	0.39637160301208496	-0.8717549443244934	-0.2879808247089386	0.9180901646614075	0.37636709213256836	0.12433139234781265	0.0	-0.3136737644672394	0.9495307803153992
0.5430428981781006	0.3826834261417389	-0.747434139251709	0.0	0.0	1.0	2	0.0	0	0.0	0	0.7773146629333496	0.2771947979927063	-0.5647521615028381	0.6291119456291199	-0.34249475598335266	0.6977932453155518	0.0	-0.8976973295211792	-0.4406127631664276
0.9327824711799622	0.19509035348892212	-0.30307909846305847	0.0	0.0	1.0	2	0.0	0	0.0	0	0.7773146629333496	0.2771947979927063	-0.5647521615028381	0.6291119456291199	-0.34249475598335266	0.6977932453155518	0.0	-0.8976973295211792	-0.4406127631664276
0.5764912962913513	0.19509035348892212	-0.7934718728065491	0.0	0.0	1.0	2	0.0	0	0.0	0	0.7773146629333496	0.2771947979927063	-0.5647521615028381	0.6291119456291199	-0.34249475598335266	0.6977932453155518	0.0	-0.8976973295211792	-0.4406127631664276
0.22493577003479004	-0.9238796234130859	-0.3095972239971161	0.0	0.0	1.0	2	0.0	0	0.0	0	0.24583950638771057	-0.9527121186256409	-0.1786128431558609	0.9693105816841125	0.24162976443767548	0.04530033841729164	-3.843237283973622e-09	-0.18426793813705444	0.9828760027885437
0.1855420023202896	-0.9807853102684021	-0.06028592213988304	0.0	0.0	1.0	2	0.0	0	0.0	0	0.24583950638771057	-0.9527121186256409	-0.1786128431558609	0.9693105816841125	0.24162976443767548	0.04530033841729164	-3.843237283973622e-09	-0.18426793813705444	0.9828760027885437
0.1146712675690651	-0.9807853102684021	-0.1578311324119568	0.0	0.0	1.0	2	0.0	0	0.0	0	0.24583950638771057	-0.9527121186256409	-0.1786128431558609	0.9693105816841125	0.24162976443767548	0.04530033841729164	-3.843237283973622e-09	-0.18426793813705444	0.9828760027885437
0.5764912962913513	0.19509035348892212	-0.7934718728065491	0.0	0.0	1.0	2	0.0	0	0.0	0	0.8054908514022827	0.09326273202896118	-0.5852234363555908	0.5926079750061035	-0.12676554918289185	0.7954534888267517	0.0	-0.9875385761260986	-0.1573767215013504
0.9510567784309387	7.549790126404332e-08	-0.3090168237686157	0.0	0.0	1.0	2	0.0	0	0.0	0	0.8054908514022827	0.09326273202896118	-0.5852234363555908	0.5926079750061035	-0.12676554918289185	0.7954534888267517	0.0	-0.9875385761260986	-0.1573767215013504
0.5877854228019714	7.549790126404332e-08	-0.8090169429779053	0.0	0.0	1.0	2	0.0	0	0.0	0	0.8054908514022827	0.09326273202896118	-0.5852234363555908	0.5926079750061035	-0.12676554918289185	0.7954534888267517	0.0	-0.9875385761260986	-0.1573767215013504
0.11467140913009644	0.9807852506637573	-0.1578313261270523	0.0	0.0	1.0	2	0.0	0	0.0	0	0.08333595842123032	0.9946804642677307	-0.060547128319740295	0.996521532535553	-0.08318199962377548	0.005063366144895554	0.0	-0.06075847148895264	-0.9981524348258972
-1.9152469121763716e-07	1.0	5.894526111660525e-07	0.0	0.0	1.0	2	0.0	0	0.0	0	0.08333595842123032	0.9946804642677307	-0.060547128319740295	0.996521532535553	-0.08318199962377548	0.005063366144895554	0.0	-0.06075847148895264	-0.9981524348258972
0.1855422407388687	0.9807852506637573	-0.06028600409626961	0.0	0.0	1.0	2	0.0	0	0.0	0	0.08333595842123032	0.9946804642677307	-0.060547128319740295	0.996521532535553	-0.08318199962377548	0.005063366144895554	0.0	-0.06075847148895264	-0.9981524348258972
0.0	-1.0	3.2584136988589307e-07	0.0	0.0	1.0	2	0.0	0	0.0	0	0.08333595842123032	-0.9946804642677307	-0.0605471096932888	0.996521532535553	0.08318199962377548	0.005063364747911692	0.0	-0.060758452862501144	0.9981524348258972
0.1146712675690651	-0.9807853102684021	-0.1578311324119568	0.0	0.0	1.0	2	0.0	0	0.0	0	0.08333595842123032	-0.9946804642677307	-0.0605471096932888	0.996521532535553	0.08318199962377548	0.005063364747911692	0.0	-0.060758452862501144	0.9981524348258972
0.1855420023202896	-0.9807853102684021	-0.06028592213988304	0.0	0.0	1.0	2	0.0	0	0.0	0	0.08333595842123032	-0.9946804642677307	-0.0605471096932888	0.996521532535553	0.08318199962377548	0.005063364747911692	0.0	-0.060758452862501144	0.9981524348258972
0.5877854228019714	7.549790126404332e-08	-0.8090169429779053	0.0	0.0	1.0	2	0.0	0	0.0	0	0.8054909110069275	-0.0932626724243164	-0.5852234363555908	0.5926081538200378	0.12676545977592468	0.7954534888267517	6.286262177468416e-09	-0.9875385761260986	0.15737661719322205
0.9327825307846069	-0.19509020447731018	-0.30307915806770325	0.0	0.0	1.0	2	0.0	0	0.0	0	0.8054909110069275	-0.0932626724243164	-0.5852234363555908	0.5926081538200378	0.12676545977592468	0.7954534888267517	6.286262177468416e-09	-0.9875385761260986	0.15737661719322205
0.5764912962913513	-0.19509020447731018	-0.7934719324111938	0.0	0.0	1.0	2	0.0	0	0.0	0	0.8054909110069275	-0.0932626724243164	-0.5852234363555908	0.5926081538200378	0.12676545977592468	0.7954534888267517	6.286262177468416e-09	-0.9875385761260986	0.15737661719322205
0.11467140913009644	0.9807852506637573	-0.1578313261270523	0.0	0.0	1.0	2	0.0	0	0.0	0	0.24583978950977325	0.9527119994163513	-0.17861302196979523	0.969310462474823	-0.24163001775741577	0.0453004352748394	0.0	-0.18426811695098877	-0.9828759431838989
0.3639538884162903	0.9238795042037964	-0.11825548112392426	0.0	0.0	1.0	2	0.0	0	0.0	0	0.24583978950977325	0.9527119994163513	-0.17861302196979523	0.969310462474823	-0.24163001775741577	0.0453004352748394	0.0	-0.18426811695098877	-0.9828759431838989
0.2249358892440796	0.9238795042037964	-0.309597373008728	0.0	0.0	1.0	2	0.0	0	0.0	0	0.24583978950977325	0.9527119994163513	-0.17861302196979523	0.969310462474823	-0.24163001775741577	0.0453004352748394	0.0	-0.18426811695098877	-0.9828759431838989
0.5430429577827454	-0.38268327713012695	-0.7474341988563538	0.0	0.0	1.0	2	0.0	0	0.0	0	0.7773146033287048	-0.2771948575973511	-0.5647520422935486	0.6291118264198303	0.3424949049949646	0.6977932453155518	0.0	-0.8976972103118896	0.44061291217803955
0.9327825307846069	-0.19509020447731018	-0.30307915806770325	0.0	0.0	1.0	2	0.0	0	0.0	0	0.7773146033287048	-0.2771948575973511	-0.5647520422935486	0.6291118264198303	0.3424949049949646	0.6977932453155518	0.0	-0.8976972103118896	0.44061291217803955
0.8786619305610657	-0.38268327713012695	-0.28549426794052124	0.0	0.0	1.0	2	0.0	0	0.0	0	0.7773146033287048	-0.2771948575973511	-0.5647520422935486	0.6291118264198303	0.3424949049949646	0.6977932453155518	0.0	-0.8976972103118896	0.44061291217803955
0.2249358892440796	0.9238795042037964	-0.309597373008728	0.0	0.0	1.0	2	0.0	0	0.0	0	0.3963715434074402	0.8717548847198486	-0.287980854511261	0.9180902242660522	-0.3763670027256012	0.12433138489723206	0.0	-0.31367382407188416	-0.949530839920044
0.5283790230751038	0.8314695954322815	-0.17168045043945312	0.0	0.0	1.0	2	0.0	0	0.0	0	0.3963715434074402	0.8717548847198486	-0.287980854511261	0.9180902242660522	-0.3763670027256012	0.12433138489723206	0.0	-0.31367382407188416	-0.949530839920044
0.32655617594718933	0.8314695954322815	-0.44946572184562683	0.0	0.0	1.0	2	0.0	0	0.0	0	0.3963715434074402	0.8717548847198486	-0.287980854511261	0.9180902242660522	-0.3763670027256012	0.12433138489723206	0.0	-0.31367382407188416	-0.949530839920044
0.5430429577827454	-0.38268327713012695	-0.7474341988563538	0.0	0.0	1.0	2	0.0	0	0.0	0	0.721182107925415	-0.45315831899642944	-0.5239694714546204	0.6927454471588135	0.4717600345611572	0.5454779267311096	0.0	-0.7563663125038147	0.6541482210159302
0.790774941444397	-0.5555701851844788	-0.25693807005882263	0.0	0.0	1.0	2	0.0	0	0.0	0	0.721182107925415	-0.45315831899642944	-0.5239694714546204	0.6927454471588135	0.4717600345611572	0.5454779267311096	0.0	-0.7563663125038147	0.6541482210159302
0.48872578144073486	-0.5555701851844788	-0.6726730465888977	0.0	0.0	1.0	2	0.0	0	0.0	0	0.721182107925415	-0.45315831899642944	-0.5239694714546204	0.6927454471588135	0.4717600345611572	0.5454779267311096	0.0	-0.7563663125038147	0.6541482210159302
0.32655617594718933	0.8314695954322815	-0.44946572184562683	0.0	0.0	1.0	2	0.0	0	0.0	0	0.5285357236862183	0.7570938467979431	-0.3840036988258362	0.8489110469818115	-0.4713699221611023	0.23908238112926483	0.0	-0.45234858989715576	-0.8918412327766418
0.6724987626075745	0.7071067690849304	-0.2185078263282776	0.0	0.0	1.0	2	0.0	0	0.0	0	0.5285357236862183	0.7570938467979431	-0.3840036988258362	0.8489110469818115	-0.4713699221611023	0.23908238112926483	0.0	-0.45234858989715576	-0.8918412327766418
0.4156270921230316	0.7071067690849304	-0.5720613598823547	0.0	0.0	1.0	2	0.0	0	0.0	0	0.5285357236862183	0.7570938467979431	-0.3840036988258362	0.8489110469818115	-0.4713699221611023	0.23908238112926483	0.0	-0.45234858989715576	-0.8918412327766418
0.48872578144073486	-0.5555701851844788	-0.6726730465888977	0.0	0.0	1.0	2	0.0	0	0.0	0	0.6377533078193665	-0.6152828335762024	-0.4633548855781555	0.7702407240867615	0.5094494223594666	0.38365426659584045	0.0	-0.6015715599060059	0.798818826675415
0.6724987626075745	-0.7071067690849304	-0.2185078263282776	0.0	0.0	1.0	2	0.0	0	0.0	0	0.6377533078193665	-0.6152828335762024	-0.4633548855781555	0.7702407240867615	0.5094494223594666	0.38365426659584045	0.0	-0.6015715599060059	0.798818826675415
0.4156270921230316	-0.7071067690849304	-0.5720613598823547	0.0	0.0	1.0	2	0.0	0	0.0	0	0.6377533078193665	-0.6152828335762024	-0.4633548855781555	0.7702407240867615	0.5094494223594666	0.38365426659584045	0.0	-0.6015715599060059	0.798818826675415
0.9510567784309387	7.549790126404332e-08	-0.3090168237686157	0.0	0.0	1.0	2	0.0	0	0.0	0	0.9956415891647339	-0.09326247870922089	-9.79031540282449e-08	0.09326159209012985	0.9956415891647339	1.045184035319835e-06	9.523426901139435e-15	-1.0497592484171037e-06	1.0
0.9327825903892517	-0.19509020447731018	0.3030796945095062	0.0	0.0	1.0	2	0.0	0	0.0	0	0.9956415891647339	-0.09326247870922089	-9.79031540282449e-08	0.09326159209012985	0.9956415891647339	1.045184035319835e-06	9.523426901139435e-15	-1.0497592484171037e-06	1.0
0.9327825307846069	-0.19509020447731018	-0.30307915806770325	0.0	0.0	1.0	2	0.0	0	0.0	0	0.9956415891647339	-0.09326247870922089	-9.79031540282449e-08	0.09326159209012985	0.9956415891647339	1.045184035319835e-06	9.523426901139435e-15	-1.0497592484171037e-06	1.0
0.3639538884162903	0.9238795042037964	-0.11825548112392426	0.0	0.0	1.0	2	0.0	0	0.0	0	0.3038747012615204	0.9527119994163513	0.0	0.9527120590209961	-0.3038747012615204	0.0	0.0	0.0	-1.0
0.1855422407388687	0.9807852506637573	0.06028665229678154	0.0	0.0	1.0	2	0.0	0	0.0	0	0.3038747012615204	0.9527119994163513	0.0	0.9527120590209961	-0.3038747012615204	0.0	0.0	0.0	-1.0
0.3639538884162903	0.9238795042037964	0.1182560995221138	0.0	0.0	1.0	2	0.0	0	0.0	0	0.3038747012615204	0.9527119994163513	0.0	0.9527120590209961	-0.3038747012615204	0.0	0.0	0.0	-1.0
0.9327825307846069	-0.19509020447731018	-0.30307915806770325	0.0	0.0	1.0	2	0.0	0	0.0	0	0.9608137607574463	-0.2771947681903839	0.0	0.2771947681903839	0.9608137011528015	0.0	0.0	0.0	1.0
0.8786619305610657	-0.38268327713012695	0.285494863986969	0.0	0.0	1.0	2	0.0	0	0.0	0	0.9608137607574463	-0.2771947681903839	0.0	0.2771947681903839	0.9608137011528015	0.0	0.0	0.0	1.0
0.8786619305610657	-0.38268327713012695	-0.28549426794052124	0.0	0.0	1.0	2	0.0	0	0.0	0	0.9608137607574463	-0.2771947681903839	0.0	0.2771947681903839	0.9608137011528015	0.0	0.0	0.0	1.0
0.3639538884162903	0.9238795042037964	-0.11825548112392426	0.0	0.0	1.0	2	0.0	0	0.0	0	0.48994213342666626	0.871755063533783	0.0	0.8717550039291382	-0.4899420440196991	0.0	0.0	0.0	-1.0
0.5283790230751038	0.8314695954322815	0.17168106138706207	0.0	0.0	1.0	2	0.0	0	0.0	0	0.48994213342666626	0.871755063533783	0.0	0.8717550039291382	-0.4899420440196991	0.0	0.0	0.0	-1.0
0.5283790230751038	0.8314695954322815	-0.17168045043945312	0.0	0.0	1.0	2	0.0	0	0.0	0	0.48994213342666626	0.871755063533783	0.0	0.8717550039291382	-0.4899420440196991	0.0	0.0	0.0	-1.0
0.8786619305610657	-0.38268327713012695	-0.28549426794052124	0.0	0.0	1.0	2	0.0	0	0.0	0	0.8914301991462708	-0.4531581699848175	0.0	0.4531584084033966	0.8914300203323364	0.0	0.0	0.0	1.0
0.790774941444397	-0.5555701851844788	0.256938636302948	0.0	0.0	1.0	2	0.0	0	0.0	0	0.8914301991462708	-0.4531581699848175	0.0	0.4531584084033966	0.8914300203323364	0.0	0.0	0.0	1.0
0.790774941444397	-0.5555701851844788	-0.25693807005882263	0.0	0.0	1.0	2	0.0	0	0.0	0	0.8914301991462708	-0.4531581699848175	0.0	0.4531584084033966	0.8914300203323364	0.0	0.0	0.0	1.0
0.5283790230751038	0.8314695954322815	-0.17168045043945312	0.0	0.0	1.0	2	0.0	0	0.0	0	0.653306245803833	0.7570937871932983	0.0	0.7570937871932983	-0.6533063054084778	0.0	0.0	0.0	-1.0
0.6724987626075745	0.7071067690849304	0.21850837767124176	0.0	0.0	1.0	2	0.0	0	0.0	0	0.653306245803833	0.7570937871932983	0.0	0.7570937871932983	-0.6533063054084778	0.0	0.0	0.0	-1.0
0.6724987626075745	0.7071067690849304	-0.2185078263282776	0.0	0.0	1.0	2	0.0	0	0.0	0	0.653306245803833	0.7570937871932983	0.0	0.7570937871932983	-0.6533063054084778	0.0	0.0	0.0	-1.0
0.790774941444397	-0.5555701851844788	-0.25693807005882263	0.0	0.0	1.0	2	0.0	0	0.0	0	0.7883063554763794	-0.6152828335762024	0.0	0.6152827143669128	0.7883065342903137	0.0	0.0	0.0	1.0
0.6724987626075745	-0.7071067690849304	0.21850837767124176	0.0	0.0	1.0	2	0.0	0	0.0	0	0.7883063554763794	-0.6152828335762024	0.0	0.6152827143669128	0.7883065342903137	0.0	0.0	0.0	1.0
0.6724987626075745	-0.7071067690849304	-0.2185078263282776	0.0	0.0	1.0	2	0.0	0	0.0	0	0.7883063554763794	-0.6152828335762024	0.0	0.6152827143669128	0.7883065342903137	0.0	0.0	0.0	1.0
0.6724987626075745	0.7071067690849304	-0.2185078263282776	0.0	0.0	1.0	2	0.0	0	0.0	0	0.7883063554763794	0.6152828931808472	0.0	0.6152829527854919	-0.7883062958717346	0.0	0.0	0.0	-1.0
0.790774941444397	0.5555701851844788	0.256938636302948	0.0	0.0	1.0	2	0.0	0	0.0	0	0.7883063554763794	0.6152828931808472	0.0	0.6152829527854919	-0.7883062958717346	0.0	0.0	0.0	-1.0
0.790774941444397	0.5555701851844788	-0.25693807005882263	0.0	0.0	1.0	2	0.0	0	0.0	0	0.7883063554763794	0.6152828931808472	0.0	0.6152829527854919	-0.7883062958717346	0.0	0.0	0.0	-1.0
0.6724987626075745	-0.7071067690849304	-0.2185078263282776	0.0	0.0	1.0	2	0.0	0	0.0	0	0.6533060669898987	-0.7570939064025879	0.0	0.7570939064025879	0.6533060669898987	0.0	0.0	0.0	1.0
0.5283789038658142	-0.8314696550369263	0.1716809719800949	0.0	0.0	1.0	2	0.0	0	0.0	0	0.6533060669898987	-0.7570939064025879	0.0	0.7570939064025879	0.6533060669898987	0.0	0.0	0.0	1.0
0.5283789038658142	-0.8314696550369263	-0.17168043553829193	0.0	0.0	1.0	2	0.0	0	0.0	0	0.6533060669898987	-0.7570939064025879	0.0	0.7570939064025879	0.6533060669898987	0.0	0.0	0.0	1.0
0.8786618709564209	0.3826834261417389	-0.28549426794052124	0.0	0.0	1.0	2	0.0	0	0.0	0	0.8914301991462708	0.4531582295894623	0.0	0.45315834879875183	-0.8914300203323364	0.0	0.0	0.0	-0.9999999403953552
0.790774941444397	0.5555701851844788	0.256938636302948	0.0	0.0	1.0	2	0.0	0	0.0	0	0.8914301991462708	0.4531582295894623	0.0	0.45315834879875183	-0.8914300203323364	0.0	0.0	0.0	-0.9999999403953552
0.8786618709564209	0.3826834261417389	0.2854948043823242	0.0	0.0	1.0	2	0.0	0	0.0	0	0.8914301991462708	0.4531582295894623	0.0	0.45315834879875183	-0.8914300203323364	0.0	0.0	0.0	-0.9999999403953552
0.36395370960235596	-0.9238796234130859	-0.11825543642044067	0.0	0.0	1.0	2	0.0	0	0.0	0	0.4899422526359558	-0.8717549443244934	0.0	0.8717548847198486	0.4899422526359558	0.0	0.0	0.0	1.0
0.5283789038658142	-0.8314696550369263	0.1716809719800949	0.0	0.0	1.0	2	0.0	0	0.0	0	0.4899422526359558	-0.8717549443244934	0.0	0.8717548847198486	0.4899422526359558	0.0	0.0	0.0	1.0
0.36395370960235596	-0.9238796234130859	0.11825601756572723	0.0	0.0	1.0	2	0.0	0	0.0	0	0.4899422526359558	-0.8717549443244934	0.0	0.8717548847198486	0.4899422526359558	0.0	0.0	0.0	1.0
0.8786618709564209	0.3826834261417389	-0.28549426794052124	0.0	0.0	1.0	2	0.0	0	0.0	0	0.9608137607574463	0.2771947681903839	0.0	0.2771947681903839	-0.9608137011528015	0.0	0.0	0.0	-1.0
0.9327824711799622	0.19509035348892212	0.30307966470718384	0.0	0.0	1.0	2	0.0	0	0.0	0	0.9608137607574463	0.2771947681903839	0.0	0.2771947681903839	-0.9608137011528015	0.0	0.0	0.0	-1.0
0.9327824711799622	0.19509035348892212	-0.30307909846305847	0.0	0.0	1.0	2	0.0	0	0.0	0	0.9608137607574463	0.2771947681903839	0.0	0.2771947681903839	-0.9608137011528015	0.0	0.0	0.0	-1.0
0.1855420023202896	-0.9807853102684021	-0.06028592213988304	0.0	0.0	1.0	2	0.0	0	0.0	0	0.30387431383132935	-0.9527121186256409	0.0	0.9527121186256409	0.30387428402900696	0.0	0.0	0.0	1.0
0.36395370960235596	-0.9238796234130859	0.11825601756572723	0.0	0.0	1.0	2	0.0	0	0.0	0	0.30387431383132935	-0.9527121186256409	0.0	0.9527121186256409	0.30387428402900696	0.0	0.0	0.0	1.0
0.1855420023202896	-0.9807853102684021	0.06028657779097557	0.0	0.0	1.0	2	0.0	0	0.0	0	0.30387431383132935	-0.9527121186256409	0.0	0.9527121186256409	0.30387428402900696	0.0	0.0	0.0	1.0
0.9327824711799622	0.19509035348892212	-0.30307909846305847	0.0	0.0	1.0	2	0.0	0	0.0	0	0.9956415295600891	0.09326276928186417	0.0	0.09326258301734924	-0.9956415295600891	0.0	0.0	0.0	-1.0
0.9510567784309387	7.549790126404332e-08	0.3090173006057739	0.0	0.0	1.0	2	0.0	0	0.0	0	0.9956415295600891	0.09326276928186417	0.0	0.09326258301734924	-0.9956415295600891	0.0	0.0	0.0	-1.0
0.9510567784309387	7.549790126404332e-08	-0.3090168237686157	0.0	0.0	1.0	2	0.0	0	0.0	0	0.9956415295600891	0.09326276928186417	0.0	0.09326258301734924	-0.9956415295600891	0.0	0.0	0.0	-1.0
0.1855422407388687	0.9807852506637573	-0.06028600409626961	0.0	0.0	1.0	2	0.0	0	0.0	0	0.10300896316766739	0.9946804046630859	0.0	0.9946804046630859	-0.10300895571708679	0.0	0.0	0.0	-1.0
-1.9152469121763716e-07	1.0	5.894526111660525e-07	0.0	0.0	1.0	2	0.0	0	0.0	0	0.10300896316766739	0.9946804046630859	0.0	0.9946804046630859	-0.10300895571708679	0.0	0.0	0.0	-1.0
0.1855422407388687	0.9807852506637573	0.06028665229678154	0.0	0.0	1.0	2	0.0	0	0.0	0	0.10300896316766739	0.9946804046630859	0.0	0.9946804046630859	-0.10300895571708679	0.0	0.0	0.0	-1.0
0.0	-1.0	3.2584136988589307e-07	0.0	0.0	1.0	2	0.0	0	0.0	0	0.10300890356302261	-0.9946804642677307	0.0	0.9946804046630859	0.10300890356302261	0.0	0.0	0.0	1.0
0.1855420023202896	-0.9807853102684021	-0.06028592213988304	0.0	0.0	1.0	2	0.0	0	0.0	0	0.10300890356302261	-0.9946804642677307	0.0	0.9946804046630859	0.10300890356302261	0.0	0.0	0.0	1.0
0.1855420023202896	-0.9807853102684021	0.06028657779097557	0.0	0.0	1.0	2	0.0	0	0.0	0	0.10300890356302261	-0.9946804642677307	0.0	0.9946804046630859	0.10300890356302261	0.0	0.0	0.0	1.0
0.6724987626075745	-0.7071067690849304	0.21850837767124176	0.0	0.0	1.0	2	0.0	0	0.0	0	0.5285357236862183	-0.7570939660072327	0.384003609418869	0.8489110469818115	0.47136998176574707	-0.23908232152462006	0.0	0.45234838128089905	0.8918412327766418
0.32655614614486694	-0.8314696550369263	0.44946619868278503	0.0	0.0	1.0	2	0.0	0	0.0	0	0.5285357236862183	-0.7570939660072327	0.384003609418869	0.8489110469818115	0.47136998176574707	-0.23908232152462006	0.0	0.45234838128089905	0.8918412327766418
0.5283789038658142	-0.8314696550369263	0.1716809719800949	0.0	0.0	1.0	2	0.0	0	0.0	0	0.5285357236862183	-0.7570939660072327	0.384003609418869	0.8489110469818115	0.47136998176574707	-0.23908232152462006	0.0	0.45234838128089905	0.8918412327766418
0.790774941444397	0.5555701851844788	0.256938636302948	0.0	0.0	1.0	2	0.0	0	0.0	0	0.7211822271347046	0.4531581401824951	0.5239694714546204	0.6927453279495239	-0.47175997495651245	-0.545478105545044	-2.15102957668023e-08	0.7563664317131042	-0.6541480422019958
0.5430429577827454	0.3826834261417389	0.747434675693512	0.0	0.0	1.0	2	0.0	0	0.0	0	0.7211822271347046	0.4531581401824951	0.5239694714546204	0.6927453279495239	-0.47175997495651245	-0.545478105545044	-2.15102957668023e-08	0.7563664317131042	-0.6541480422019958
0.8786618709564209	0.3826834261417389	0.2854948043823242	0.0	0.0	1.0	2	0.0	0	0.0	0	0.7211822271347046	0.4531581401824951	0.5239694714546204	0.6927453279495239	-0.47175997495651245	-0.545478105545044	-2.15102957668023e-08	0.7563664317131042	-0.6541480422019958
0.5283789038658142	-0.8314696550369263	0.1716809719800949	0.0	0.0	1.0	2	0.0	0	0.0	0	0.39637163281440735	-0.8717549443244934	0.2879808247089386	0.9180901646614075	0.37636712193489075	-0.12433139979839325	0.0	0.3136737644672394	0.9495307803153992
0.22493578493595123	-0.9238796234130859	0.30959779024124146	0.0	0.0	1.0	2	0.0	0	0.0	0	0.39637163281440735	-0.8717549443244934	0.2879808247089386	0.9180901646614075	0.37636712193489075	-0.12433139979839325	0.0	0.3136737644672394	0.9495307803153992
0.36395370960235596	-0.9238796234130859	0.11825601756572723	0.0	0.0	1.0	2	0.0	0	0.0	0	0.39637163281440735	-0.8717549443244934	0.2879808247089386	0.9180901646614075	0.37636712193489075	-0.12433139979839325	0.0	0.3136737644672394	0.9495307803153992
0.8786618709564209	0.3826834261417389	0.2854948043823242	0.0	0.0	1.0	2	0.0	0	0.0	0	0.7773146033287048	0.2771947979927063	0.5647521615028381	0.6291120648384094	-0.3424947261810303	-0.697793185710907	-1.1843010128131937e-08	0.8976972103118896	-0.4406127631664276
0.5764912962913513	0.19509035348892212	0.793472409248352	0.0	0.0	1.0	2	0.0	0	0.0	0	0.7773146033287048	0.2771947979927063	0.5647521615028381	0.6291120648384094	-0.3424947261810303	-0.697793185710907	-1.1843010128131937e-08	0.8976972103118896	-0.4406127631664276
0.9327824711799622	0.19509035348892212	0.30307966470718384	0.0	0.0	1.0	2	0.0	0	0.0	0	0.7773146033287048	0.2771947979927063	0.5647521615028381	0.6291120648384094	-0.3424947261810303	-0.697793185710907	-1.1843010128131937e-08	0.8976972103118896	-0.4406127631664276
0.1855420023202896	-0.9807853102684021	0.06028657779097557	0.0	0.0	1.0	2	0.0	0	0.0	0	0.24583950638771057	-0.9527121186256409	0.17861288785934448	0.9693105816841125	0.24162976443767548	-0.04530034959316254	0.0	0.18426796793937683	0.9828760027885437
0.22493578493595123	-0.9238796234130859	0.30959779024124146	0.0	0.0	1.0	2	0.0	0	0.0	0	0.24583950638771057	-0.9527121186256409	0.17861288785934448	0.9693105816841125	0.24162976443767548	-0.04530034959316254	0.0	0.18426796793937683	0.9828760027885437
0.11467127501964569	-0.9807853102684021	0.15783177316188812	0.0	0.0	1.0	2	0.0	0	0.0	0	0.24583950638771057	-0.9527121186256409	0.17861288785934448	0.9693105816841125	0.24162976443767548	-0.04530034959316254	0.0	0.18426796793937683	0.9828760027885437
0.9327824711799622	0.19509035348892212	0.30307966470718384	0.0	0.0	1.0	2	0.0	0	0.0	0	0.8054909706115723	0.09326261281967163	0.5852233171463013	0.5926080942153931	-0.1267654001712799	-0.7954534292221069	0.0	0.987538754940033	-0.15737657248973846
0.5877854824066162	7.549790126404332e-08	0.8090174198150635	0.0	0.0	1.0	2	0.0	0	0.0	0	0.8054909706115723	0.09326261281967163	0.5852233171463013	0.5926080942153931	-0.1267654001712799	-0.7954534292221069	0.0	0.987538754940033	-0.15737657248973846
0.9510567784309387	7.549790126404332e-08	0.3090173006057739	0.0	0.0	1.0	2	0.0	0	0.0	0	0.8054909706115723	0.09326261281967163	0.5852233171463013	0.5926080942153931	-0.1267654001712799	-0.7954534292221069	0.0	0.987538754940033	-0.15737657248973846
0.1855422407388687	0.9807852506637573	0.06028665229678154	0.0	0.0	1.0	2	0.0	0	0.0	0	0.08333609998226166	0.9946804046630859	0.06054722145199776	0.9965214133262634	-0.08318212628364563	-0.005063381977379322	0.0	0.060758572071790695	-0.998152494430542
-1.9152469121763716e-07	1.0	5.894526111660525e-07	0.0	0.0	1.0	2	0.0	0	0.0	0	0.08333609998226166	0.9946804046630859	0.06054722145199776	0.9965214133262634	-0.08318212628364563	-0.005063381977379322	0.0	0.060758572071790695	-0.998152494430542
0.11467142403125763	0.9807852506637573	0.15783198177814484	0.0	0.0	1.0	2	0.0	0	0.0	0	0.08333609998226166	0.9946804046630859	0.06054722145199776	0.9965214133262634	-0.08318212628364563	-0.005063381977379322	0.0	0.060758572071790695	-0.998152494430542
0.0	-1.0	3.2584136988589307e-07	0.0	0.0	1.0	2	0.0	0	0.0	0	0.08333594352006912	-0.9946804642677307	0.060547102242708206	0.996521532535553	0.08318198472261429	-0.0050633628852665424	-4.672867093269417e-10	0.06075844541192055	0.9981524348258972
0.1855420023202896	-0.9807853102684021	0.06028657779097557	0.0	0.0	1.0	2	0.0	0	0.0	0	0.08333594352006912	-0.9946804642677307	0.060547102242708206	0.996521532535553	0.08318198472261429	-0.0050633628852665424	-4.672867093269417e-10	0.06075844541192055	0.9981524348258972
0.11467127501964569	-0.9807853102684021	0.15783177316188812	0.0	0.0	1.0	2	0.0	0	0.0	0	0.08333594352006912	-0.9946804642677307	0.060547102242708206	0.996521532535553	0.08318198472261429	-0.0050633628852665424	-4.672867093269417e-10	0.06075844541192055	0.9981524348258972
0.9510567784309387	7.549790126404332e-08	0.3090173006057739	0.0	0.0	1.0	2	0.0	0	0.0	0	0.8054910898208618	-0.09326205402612686	0.5852234363555908	0.5926080942153931	0.12676462531089783	-0.7954535484313965	0.0	0.9875388741493225	0.15737561881542206
0.5764914155006409	-0.19509020447731018	0.7934725284576416	0.0	0.0	1.0	2	0.0	0	0.0	0	0.8054910898208618	-0.09326205402612686	0.5852234363555908	0.5926080942153931	0.12676462531089783	-0.7954535484313965	0.0	0.9875388741493225	0.15737561881542206
0.9327825903892517	-0.19509020447731018	0.3030796945095062	0.0	0.0	1.0	2	0.0	0	0.0	0	0.8054910898208618	-0.09326205402612686	0.5852234363555908	0.5926080942153931	0.12676462531089783	-0.7954535484313965	0.0	0.9875388741493225	0.15737561881542206
