1344	448	27
-1.4268676042556763	-0.38268351554870605	2.569165713506294e-10	0.5043867826461792	0.6607601642608643	0.5000961302693137	24	0.40463805661278784	21	0.09526581311789856	0	-0.9086633324623108	-0.18074455857276917	-0.37638071179389954	-1.8206056893177447e-06	0.9014483690261841	-0.4328867793083191	0.4175296425819397	-0.3933475911617279	-0.8191133141517639
-1.210094928741455	-5.498014843396959e-08	-0.7071067094802856	0.5770722031593323	0.6227875351905823	0.7918467078031657	21	0.10413468928426357	1	0.1040186029125707	24	-0.9086633324623108	-0.18074455857276917	-0.37638071179389954	-1.8070655869451002e-06	0.9014483690261841	-0.4328868091106415	0.4175297021865845	-0.39334768056869507	-0.8191133737564087
-1.1562695503234863	-0.38268351554870605	-0.6532813906669617	0.5715394020080566	0.6133589744567871	0.8391438011392554	21	0.08685552733041216	24	0.07400067153033243	1	-0.9086633324623108	-0.18074455857276917	-0.37638071179389954	-1.8070655869451002e-06	0.9014483690261841	-0.4328868091106415	0.4175297021865845	-0.39334768056869507	-0.8191133737564087
-1.4268676042556763	0.3826834261417389	2.569165713506294e-10	0.5043867826461792	0.6607601642608643	0.7881867526787432	21	0.2061939903015355	24	0.0056192570197212775	4	-0.9086633920669556	0.18074439465999603	-0.37638068199157715	-6.537911758641712e-07	-0.9014473557472229	-0.4328887462615967	-0.41752952337265015	-0.39334985613822937	0.819112241268158
-1.210094928741455	-5.498014843396959e-08	-0.7071067094802856	0.5770722031593323	0.6227875351905823	0.7918467078031657	21	0.10413468928426357	1	0.1040186029125707	24	-0.9086633920669556	0.18074439465999603	-0.37638068199157715	-6.537911758641712e-07	-0.9014473557472229	-0.4328887462615967	-0.41752952337265015	-0.39334985613822937	0.819112241268158
-1.5029881000518799	-3.908689194531689e-08	2.569165713506294e-10	0.504386842250824	0.6740943193435669	0.6700903624544257	21	0.286147156668284	24	0.04376248087729034	0	-0.9086633920669556	0.18074439465999603	-0.37638068199157715	-6.673313350802346e-07	-0.9014473557472229	-0.4328887164592743	-0.41752952337265015	-0.393349826335907	0.819112241268158
-1.210094928741455	-0.7071067690849304	2.569165713506294e-10	0.5043867826461792	0.622787594795227	0.37238645597022707	24	0.3548790182031513	21	0.27273452582662167	0	-0.5414191484451294	-0.8102909922599792	-0.2242632359266281	-2.604604787848075e-06	0.2667425870895386	-0.9637678265571594	0.840752899646759	-0.521801769733429	-0.14442165195941925
-0.7735862135887146	-0.9238795042037964	-0.27059799432754517	0.5322023034095764	0.5463235378265381	0.5420249257277452	0	0.25753768294156815	21	0.2004373913306867	7	-0.5414191484451294	-0.8102909922599792	-0.2242632359266281	-2.588469669717597e-06	0.2667425870895386	-0.9637678861618042	0.840752899646759	-0.5218017101287842	-0.14442162215709686
-0.8856716156005859	-0.9238795042037964	2.569165713506294e-10	0.5043866634368896	0.5659578442573547	0.5750888272584311	0	0.2193003481920721	21	0.2056108245494968	24	-0.5414191484451294	-0.8102909922599792	-0.2242632359266281	-2.604604787848075e-06	0.2667425870895386	-0.9637678265571594	0.840752899646759	-0.521801769733429	-0.14442165195941925
-1.4268676042556763	0.3826834261417389	2.569165713506294e-10	0.5043867826461792	0.6607601642608643	0.7881867526787432	21	0.2061939903015355	24	0.0056192570197212775	4	-0.7861509919166565	0.5252891778945923	-0.32563450932502747	8.212733177970222e-07	-0.5268864631652832	-0.8499357104301453	-0.6180344820022583	-0.6681780815124512	0.4142118990421295
-1.0029881000518799	0.7071068286895752	-0.49999991059303284	0.5557831525802612	0.5865082740783691	0.819736588765493	21	0.14554439893503268	1	0.034719012299474314	24	-0.7861509919166565	0.5252891778945923	-0.32563450932502747	7.978441090017441e-07	-0.5268864631652832	-0.8499356508255005	-0.6180344820022583	-0.6681780815124512	0.4142119586467743
-1.1562695503234863	0.3826833963394165	-0.6532813906669617	0.5715394020080566	0.6133589744567871	0.7850089687549449	21	0.13140068235780178	1	0.08359034888725335	24	-0.7861509919166565	0.5252891778945923	-0.32563450932502747	7.978441090017441e-07	-0.5268864631652832	-0.8499356508255005	-0.6180344820022583	-0.6681780815124512	0.4142119586467743
-1.4268676042556763	-0.38268351554870605	2.569165713506294e-10	0.5043867826461792	0.6607601642608643	0.5000961302693137	24	0.40463805661278784	21	0.09526581311789856	0	-0.7861509919166565	-0.5252892374992371	-0.32563453912734985	5.909753895139147e-07	0.5268867015838623	-0.8499355316162109	0.6180344820022583	-0.6681778430938721	-0.4142121970653534
-1.0029881000518799	-0.7071067690849304	-0.49999991059303284	0.5557831525802612	0.5865082740783691	0.7376503160343503	21	0.16102584492887537	0	0.10132383903677436	1	-0.7861509919166565	-0.5252892374992371	-0.32563453912734985	5.909753326704958e-07	0.5268867015838623	-0.8499355316162109	0.6180344820022583	-0.6681778430938721	-0.4142121970653534
-1.210094928741455	-0.7071067690849304	2.569165713506294e-10	0.5043867826461792	0.622787594795227	0.37238645597022707	24	0.3548790182031513	21	0.27273452582662167	0	-0.7861509919166565	-0.5252892374992371	-0.32563453912734985	6.144044846223551e-07	0.5268867015838623	-0.8499355912208557	0.6180344820022583	-0.6681779026985168	-0.414212167263031
-0.8856715559959412	0.9238795042037964	2.569165713506294e-10	0.5043866634368896	0.5659578442573547	0.5607744362176226	21	0.22767903473570542	1	0.211546529046672	4	-0.5414190292358398	0.8102909922599792	-0.22426310181617737	-1.0232179192826152e-06	-0.26674145460128784	-0.9637681841850281	-0.8407529592514038	-0.5218021869659424	0.14441972970962524
-1.0029881000518799	0.7071068286895752	-0.49999991059303284	0.5557831525802612	0.5865082740783691	0.819736588765493	21	0.14554439893503268	1	0.034719012299474314	24	-0.5414190292358398	0.8102909922599792	-0.22426310181617737	-1.0151501328437007e-06	-0.26674142479896545	-0.9637681245803833	-0.8407529592514038	-0.5218022465705872	0.14441971480846405
-1.210094928741455	0.7071067690849304	2.569165713506294e-10	0.5043867826461792	0.622787594795227	0.7784748283922799	21	0.17356167240717973	24	0.04796349920054035	4	-0.5414190292358398	0.8102909922599792	-0.22426310181617737	-1.015150019156863e-06	-0.26674142479896545	-0.9637681245803833	-0.8407529592514038	-0.5218022465705872	0.14441971480846405
-0.7735862135887146	-0.9238795042037964	-0.27059799432754517	0.5322023034095764	0.5463235378265381	0.5420249257277452	0	0.25753768294156815	21	0.2004373913306867	7	-0.22426311671733856	-0.8102908730506897	-0.5414192080497742	-1.1654161653495976e-06	0.5555706024169922	-0.8314694762229919	0.9745286107063293	-0.18646728992462158	-0.12459492683410645
-0.5029881596565247	-0.7071067690849304	-0.7071065902709961	0.5770722031593323	0.49892231822013855	0.712341746025121	1	0.1786064951464625	7	0.10905175882841643	21	-0.22426311671733856	-0.8102908730506897	-0.5414192080497742	-1.1587325161599438e-06	0.5555706024169922	-0.8314694166183472	0.9745286703109741	-0.18646728992462158	-0.12459493428468704
-0.5029882192611694	-0.9238795042037964	-0.38268333673477173	0.5437238216400146	0.4989224076271057	0.5135368849723465	7	0.32096369279602915	1	0.1654994222316243	0	-0.22426311671733856	-0.8102908730506897	-0.5414192080497742	-1.158732402473106e-06	0.5555706024169922	-0.8314694166183472	0.9745286703109741	-0.18646728992462158	-0.12459493428468704
-1.1562695503234863	0.3826833963394165	-0.6532813906669617	0.5715394020080566	0.6133589744567871	0.7850089687549449	21	0.13140068235780178	1	0.08359034888725335	24	-0.3256343901157379	0.5252892971038818	-0.7861509919166565	-3.5302996082009486e-09	-0.8314695954322815	-0.5555702447891235	-0.9454958438873291	-0.1809127926826477	0.2707551121711731
-0.5029881596565247	0.7071068286895752	-0.7071065902709961	0.5770722031593323	0.49892231822013855	0.8250071857107315	1	0.09550495924744115	21	0.07948785504182734	11	-0.3256343901157379	0.5252892971038818	-0.7861509919166565	-3.5303031609146274e-09	-0.8314695954322815	-0.5555702447891235	-0.9454958438873291	-0.1809127926826477	0.2707551121711731
-0.5029882192611694	0.3826833963394165	-0.9238793849945068	0.5993548631668091	0.49892231822013855	0.8731055553659944	1	0.08041613178031634	21	0.046478312853689176	11	-0.3256343901157379	0.5252892971038818	-0.7861509919166565	-3.5302996082009486e-09	-0.8314695954322815	-0.5555702447891235	-0.9454958438873291	-0.1809127926826477	0.2707551121711731
-1.1562695503234863	-0.38268351554870605	-0.6532813906669617	0.5715394020080566	0.6133589744567871	0.8391438011392554	21	0.08685552733041216	24	0.07400067153033243	1	-0.32563430070877075	-0.5252893567085266	-0.786151111125946	1.3246673233879847e-06	0.8314694166183472	-0.5555706024169922	0.9454957842826843	-0.18091386556625366	-0.27075424790382385
-0.5029881596565247	-0.7071067690849304	-0.7071065902709961	0.5770722031593323	0.49892231822013855	0.712341746025121	1	0.1786064951464625	7	0.10905175882841643	21	-0.32563430070877075	-0.5252893567085266	-0.786151111125946	1.324667209701147e-06	0.8314694166183472	-0.5555706024169922	0.9454957842826843	-0.18091386556625366	-0.27075424790382385
-1.0029881000518799	-0.7071067690849304	-0.49999991059303284	0.5557831525802612	0.5865082740783691	0.7376503160343503	21	0.16102584492887537	0	0.10132383903677436	1	-0.32563430070877075	-0.5252893567085266	-0.786151111125946	1.324667209701147e-06	0.8314693570137024	-0.5555706024169922	0.9454958438873291	-0.18091388046741486	-0.27075424790382385
-0.7735862135887146	0.9238795042037964	-0.27059799432754517	0.5322023034095764	0.5463235378265381	0.49425058633039	1	0.3977939953263152	21	0.1079554183432948	4	-0.22426307201385498	0.810291051864624	-0.5414191484451294	-5.38352878720616e-07	-0.5555703639984131	-0.8314695358276367	-0.9745287299156189	-0.18646760284900665	0.12459435313940048
-0.5029881596565247	0.7071068286895752	-0.7071065902709961	0.5770722031593323	0.49892231822013855	0.8250071857107315	1	0.09550495924744115	21	0.07948785504182734	11	-0.22426307201385498	0.810291051864624	-0.5414191484451294	-5.450364142234321e-07	-0.5555703043937683	-0.8314695358276367	-0.9745286703109741	-0.18646760284900665	0.12459433823823929
-1.0029881000518799	0.7071068286895752	-0.49999991059303284	0.5557831525802612	0.5865082740783691	0.819736588765493	21	0.14554439893503268	1	0.034719012299474314	24	-0.22426307201385498	0.810291051864624	-0.5414191484451294	-5.450364710668509e-07	-0.5555703043937683	-0.8314695358276367	-0.9745286703109741	-0.18646760284900665	0.12459433823823929
-1.210094928741455	-5.498014843396959e-08	-0.7071067094802856	0.5770722031593323	0.6227875351905823	0.7918467078031657	21	0.10413468928426357	1	0.1040186029125707	24	-0.37638071179389954	-0.1807444840669632	-0.9086633324623108	-2.0941727143508615e-06	0.9807854294776917	-0.19508962333202362	0.9264650344848633	-0.07342606037855148	-0.3691490888595581
-0.5029882192611694	-0.38268351554870605	-0.9238793849945068	0.5993548631668091	0.49892231822013855	0.8176117889630544	1	0.10828643762567657	21	0.07410177341126903	7	-0.37638071179389954	-0.1807444840669632	-0.9086633324623108	-2.0941727143508615e-06	0.9807854294776917	-0.19508962333202362	0.9264650344848633	-0.07342606037855148	-0.3691490888595581
-1.1562695503234863	-0.38268351554870605	-0.6532813906669617	0.5715394020080566	0.6133589744567871	0.8391438011392554	21	0.08685552733041216	24	0.07400067153033243	1	-0.37638071179389954	-0.1807444840669632	-0.9086633324623108	-2.094172486977186e-06	0.9807854294776917	-0.19508962333202362	0.9264650344848633	-0.07342606037855148	-0.3691490888595581
-1.1562695503234863	0.3826833963394165	-0.6532813906669617	0.5715394020080566	0.6133589744567871	0.7850089687549449	21	0.13140068235780178	1	0.08359034888725335	24	-0.37638059258461	0.1807444840669632	-0.908663272857666	-1.935574346134672e-06	-0.9807854294776917	-0.1950896829366684	-0.9264650940895081	-0.07342621684074402	0.36914899945259094
-0.5029882192611694	-5.498014843396959e-08	-0.9999998807907104	0.6071794033050537	0.49892231822013855	0.8296828880341803	1	0.12036649485687592	21	0.049950617108943766	15	-0.37638059258461	0.1807444840669632	-0.908663272857666	-1.935574346134672e-06	-0.9807854890823364	-0.1950896978378296	-0.9264651536941528	-0.07342621684074402	0.36914899945259094
-1.210094928741455	-5.498014843396959e-08	-0.7071067094802856	0.5770722031593323	0.6227875351905823	0.7918467078031657	21	0.10413468928426357	1	0.1040186029125707	24	-0.37638059258461	0.1807444840669632	-0.908663272857666	-1.935574346134672e-06	-0.9807854294776917	-0.1950896829366684	-0.9264650940895081	-0.07342621684074402	0.36914899945259094
-0.5029881596565247	-0.7071067690849304	-0.7071065902709961	0.5770722031593323	0.49892231822013855	0.712341746025121	1	0.1786064951464625	7	0.10905175882841643	21	0.2242632359266281	-0.8102909326553345	-0.5414191484451294	-1.162386638497992e-06	0.5555700659751892	-0.831469714641571	0.9745286703109741	0.186468705534935	0.12459299713373184
-0.23239022493362427	-0.9238795042037964	-0.2705979347229004	0.5322023034095764	0.45152121782302856	0.42371829227565844	7	0.32302920579303185	15	0.25325250193130966	1	0.2242632359266281	-0.8102909326553345	-0.5414191484451294	-1.1557031029951759e-06	0.5555700659751892	-0.8314697742462158	0.9745286703109741	0.1864687204360962	0.12459300458431244
-0.5029882192611694	-0.9238795042037964	-0.38268333673477173	0.5437238216400146	0.4989224076271057	0.5135368849723465	7	0.32096369279602915	1	0.1654994222316243	0	0.2242632359266281	-0.8102909326553345	-0.5414191484451294	-1.1690700603139703e-06	0.5555700659751892	-0.8314696550369263	0.9745286107063293	0.186468705534935	0.12459298968315125
-0.5029882192611694	0.3826833963394165	-0.9238793849945068	0.5993548631668091	0.49892231822013855	0.8731055553659944	1	0.08041613178031634	21	0.046478312853689176	11	0.3256343901157379	0.5252892971038818	-0.7861509919166565	-2.5080959176193574e-07	-0.8314695954322815	-0.5555703639984131	-0.9454957246780396	0.18091300129890442	-0.27075493335723877
-0.002988278865814209	0.7071068286895752	-0.4999997913837433	0.5557830333709717	0.4113364517688751	0.7263468822175156	11	0.1520106567636743	18	0.12164246101881003	1	0.3256343901157379	0.5252892971038818	-0.7861509919166565	-2.6051424129036604e-07	-0.8314696550369263	-0.5555703043937683	-0.9454958438873291	0.18091300129890442	-0.27075496315956116
0.150293231010437	0.3826833963394165	-0.6532813310623169	0.5715392231941223	0.3844858407974243	0.4092326519572469	11	0.30929267324852533	18	0.2814746747942278	15	0.3256343901157379	0.5252892971038818	-0.7861509919166565	-2.508095633402263e-07	-0.8314695358276367	-0.5555703043937683	-0.9454958438873291	0.18091300129890442	-0.27075499296188354
-0.5029882192611694	-0.38268351554870605	-0.9238793849945068	0.5993548631668091	0.49892231822013855	0.8176117889630544	1	0.10828643762567657	21	0.07410177341126903	7	0.3256344795227051	-0.5252895355224609	-0.7861509323120117	-1.0995039190220268e-07	0.8314694762229919	-0.5555704832077026	0.9454957246780396	0.18091297149658203	0.2707550525665283
-0.002988278865814209	-0.7071067690849304	-0.4999997913837433	0.5557830333709717	0.4113364517688751	0.5533144862516423	15	0.23071878426733003	18	0.21596672948102766	1	0.3256344795227051	-0.5252895355224609	-0.7861509323120117	-1.2935973359162745e-07	0.8314694762229919	-0.5555704832077026	0.9454957246780396	0.18091298639774323	0.2707550525665283
-0.5029881596565247	-0.7071067690849304	-0.7071065902709961	0.5770722031593323	0.49892231822013855	0.712341746025121	1	0.1786064951464625	7	0.10905175882841643	21	0.3256344795227051	-0.5252895355224609	-0.7861509323120117	-1.0995039190220268e-07	0.8314694762229919	-0.5555704832077026	0.9454957246780396	0.18091297149658203	0.2707550525665283
-0.5029881596565247	0.7071068286895752	-0.7071065902709961	0.5770722031593323	0.49892231822013855	0.8250071857107315	1	0.09550495924744115	21	0.07948785504182734	11	0.22426320612430573	0.810291051864624	-0.5414190888404846	-2.7285454962111544e-07	-0.5555701851844788	-0.831469714641571	-0.9745286703109741	0.18646816909313202	-0.12459371238946915
-0.23239022493362427	0.9238795042037964	-0.2705979347229004	0.5322023034095764	0.45152121782302856	0.5753109355291133	11	0.24045240575389965	1	0.1842366587169871	8	0.22426320612430573	0.810291051864624	-0.5414190888404846	-2.7285457804282487e-07	-0.5555701851844788	-0.831469714641571	-0.9745286703109741	0.18646816909313202	-0.12459371238946915
-0.002988278865814209	0.7071068286895752	-0.4999997913837433	0.5557830333709717	0.4113364517688751	0.7263468822175156	11	0.1520106567636743	18	0.12164246101881003	1	0.22426320612430573	0.810291051864624	-0.5414190888404846	-2.8622167747016647e-07	-0.5555701851844788	-0.831469714641571	-0.9745286703109741	0.1864681839942932	-0.12459370493888855
-0.5029882192611694	-5.498014843396959e-08	-0.9999998807907104	0.6071794033050537	0.49892231822013855	0.8296828880341803	1	0.12036649485687592	21	0.049950617108943766	15	0.37638071179389954	-0.18074443936347961	-0.9086633324623108	2.4773392226506985e-09	0.9807852506637573	-0.1950903832912445	0.9264650940895081	0.07342825829982758	0.3691486418247223
0.150293231010437	-0.38268351554870605	-0.6532813310623169	0.5715392231941223	0.3844858407974243	0.7215046248170174	15	0.17082211220321836	18	0.1076732629797643	1	0.37638071179389954	-0.18074443936347961	-0.9086633324623108	-3.1311699899561063e-09	0.9807852506637573	-0.1950903683900833	0.9264650940895081	0.07342825084924698	0.3691486418247223
-0.5029882192611694	-0.38268351554870605	-0.9238793849945068	0.5993548631668091	0.49892231822013855	0.8176117889630544	1	0.10828643762567657	21	0.07410177341126903	7	0.37638071179389954	-0.18074443936347961	-0.9086633324623108	2.4773392226506985e-09	0.9807852506637573	-0.1950903832912445	0.9264650940895081	0.07342825829982758	0.3691486418247223
-0.5029882192611694	0.3826833963394165	-0.9238793849945068	0.5993548631668091	0.49892231822013855	0.8731055553659944	1	0.08041613178031634	21	0.046478312853689176	11	0.3763807415962219	0.18074443936347961	-0.9086633920669556	-9.534183220694104e-09	-0.9807853102684021	-0.1950903981924057	-0.9264650940895081	0.07342826575040817	-0.3691486418247223
0.204118549823761	-5.498014843396959e-08	-0.7071066498756409	0.5770721435546875	0.3750571608543396	0.4849317299321925	15	0.29070731143098444	18	0.22436095863682307	11	0.3763807415962219	0.18074443936347961	-0.9086633920669556	-9.534190326121461e-09	-0.9807852506637573	-0.1950903832912445	-0.9264651536941528	0.07342826575040817	-0.3691486418247223
-0.5029882192611694	-5.498014843396959e-08	-0.9999998807907104	0.6071794033050537	0.49892231822013855	0.8296828880341803	1	0.12036649485687592	21	0.049950617108943766	15	0.3763807415962219	0.18074443936347961	-0.9086633920669556	-3.9256775608009775e-09	-0.9807853102684021	-0.1950903832912445	-0.9264650940895081	0.07342825084924698	-0.3691486418247223
-0.23239022493362427	-0.9238795042037964	-0.2705979347229004	0.5322023034095764	0.45152121782302856	0.42371829227565844	7	0.32302920579303185	15	0.25325250193130966	1	0.5414192080497742	-0.8102908730506897	-0.2242630422115326	-1.4267716323956847e-06	0.2667398750782013	-0.9637685418128967	0.8407528400421143	0.5218031406402588	0.144416943192482
0.20411831140518188	-0.7071067690849304	1.492685299808727e-07	0.5043866634368896	0.37505725026130676	0.3694149781949053	18	0.33364171627922323	15	0.29694330552587145	14	0.5414192080497742	-0.8102908730506897	-0.2242630422115326	-1.4267717460825224e-06	0.2667398750782013	-0.9637685418128967	0.8407528400421143	0.5218031406402588	0.144416943192482
-0.12030491232872009	-0.9238795042037964	7.476272401163442e-08	0.5043866634368896	0.43188709020614624	0.3682562716353259	18	0.3351203334282828	7	0.2966233949363913	15	0.5414192080497742	-0.8102908730506897	-0.2242630422115326	-1.4267717460825224e-06	0.2667398750782013	-0.9637685418128967	0.8407528400421143	0.5218031406402588	0.144416943192482
-0.002988278865814209	0.7071068286895752	-0.4999997913837433	0.5557830333709717	0.4113364517688751	0.7263468822175156	11	0.1520106567636743	18	0.12164246101881003	1	0.7861510515213013	0.5252892374992371	-0.32563433051109314	-1.636069839605625e-07	-0.5268869400024414	-0.8499354124069214	-0.6180343627929688	0.6681776642799377	-0.4142126441001892
0.4208912253379822	0.3826833963394165	1.492685299808727e-07	0.5043866038322449	0.33708471059799194	0.9153117827692537	18	0.05526917019564447	15	0.029419047035101807	11	0.7861510515213013	0.5252892374992371	-0.32563433051109314	-1.636069839605625e-07	-0.5268869400024414	-0.8499354124069214	-0.6180343627929688	0.6681776642799377	-0.4142126441001892
0.150293231010437	0.3826833963394165	-0.6532813310623169	0.5715392231941223	0.3844858407974243	0.4092326519572469	11	0.30929267324852533	18	0.2814746747942278	15	0.7861510515213013	0.5252892374992371	-0.32563433051109314	-1.636069839605625e-07	-0.5268869400024414	-0.8499354720115662	-0.6180344223976135	0.6681776642799377	-0.4142126441001892
0.150293231010437	-0.38268351554870605	-0.6532813310623169	0.5715392231941223	0.3844858407974243	0.7215046248170174	15	0.17082211220321836	18	0.1076732629797643	1	0.7861509919166565	-0.5252894759178162	-0.3256341218948364	-3.132813901629561e-07	0.5268862843513489	-0.84993577003479	0.6180344820022583	0.6681779623031616	0.4142119884490967
0.20411831140518188	-0.7071067690849304	1.492685299808727e-07	0.5043866634368896	0.37505725026130676	0.3694149781949053	18	0.33364171627922323	15	0.29694330552587145	14	0.7861509919166565	-0.5252894759178162	-0.3256341218948364	-3.1328136174124666e-07	0.5268862843513489	-0.84993577003479	0.6180344820022583	0.6681779623031616	0.4142119884490967
-0.002988278865814209	-0.7071067690849304	-0.4999997913837433	0.5557830333709717	0.4113364517688751	0.5533144862516423	15	0.23071878426733003	18	0.21596672948102766	1	0.7861509919166565	-0.5252894759178162	-0.3256341218948364	-3.367105136931059e-07	0.5268862843513489	-0.84993577003479	0.6180344820022583	0.6681779623031616	0.4142119884490967
-0.23239022493362427	0.9238795042037964	-0.2705979347229004	0.5322023034095764	0.45152121782302856	0.5753109355291133	11	0.24045240575389965	1	0.1842366587169871	8	0.5414191484451294	0.810291051864624	-0.22426298260688782	-3.258031426867092e-07	-0.26674047112464905	-0.9637684226036072	-0.8407528400421143	0.5218026638031006	-0.1444181203842163
0.20411831140518188	0.7071068286895752	1.492685299808727e-07	0.5043866634368896	0.37505725026130676	0.7434115032967009	18	0.14977208758434402	8	0.10681640911895512	11	0.5414191484451294	0.810291051864624	-0.22426298260688782	-3.177353562477947e-07	-0.26674050092697144	-0.963768482208252	-0.840752899646759	0.5218027234077454	-0.1444181501865387
-0.002988278865814209	0.7071068286895752	-0.4999997913837433	0.5557830333709717	0.4113364517688751	0.7263468822175156	11	0.1520106567636743	18	0.12164246101881003	1	0.5414191484451294	0.810291051864624	-0.22426298260688782	-3.338708722822048e-07	-0.26674044132232666	-0.9637684226036072	-0.8407528400421143	0.5218026638031006	-0.14441810548305511
0.150293231010437	-0.38268351554870605	-0.6532813310623169	0.5715392231941223	0.3844858407974243	0.7215046248170174	15	0.17082211220321836	18	0.1076732629797643	1	0.9086634516716003	-0.18074430525302887	-0.3763806223869324	7.972819844326295e-07	0.901447594165802	-0.4328884184360504	0.41752949357032776	0.3933495581150055	0.8191125392913818
0.497011661529541	-5.498014843396959e-08	1.492685299808727e-07	0.5043866038322449	0.3237506151199341	0.7898411795114103	18	0.11522317914249842	15	0.09493564134609131	14	0.9086634516716003	-0.18074430525302887	-0.3763806223869324	7.837417683731474e-07	0.9014475345611572	-0.4328884184360504	0.41752952337265015	0.3933495879173279	0.8191125392913818
0.4208912253379822	-0.38268351554870605	1.492685299808727e-07	0.5043866038322449	0.33708471059799194	0.41851485005555317	18	0.3030761386464096	15	0.2784090112980372	14	0.9086634516716003	-0.18074430525302887	-0.3763806223869324	7.972818707457918e-07	0.9014475345611572	-0.432888388633728	0.41752952337265015	0.3933495581150055	0.8191125392913818
0.150293231010437	0.3826833963394165	-0.6532813310623169	0.5715392231941223	0.3844858407974243	0.4092326519572469	11	0.30929267324852533	18	0.2814746747942278	15	0.9086634516716003	0.18074443936347961	-0.37638059258461	-1.8012504199305113e-07	-0.9014464616775513	-0.4328905940055847	-0.41752952337265015	0.3933519423007965	-0.8191114068031311
0.497011661529541	-5.498014843396959e-08	1.492685299808727e-07	0.5043866038322449	0.3237506151199341	0.7898411795114103	18	0.11522317914249842	15	0.09493564134609131	14	0.9086634516716003	0.18074443936347961	-0.37638059258461	-1.9366517278740503e-07	-0.9014464616775513	-0.4328906238079071	-0.41752952337265015	0.3933519423007965	-0.8191114068031311
0.204118549823761	-5.498014843396959e-08	-0.7071066498756409	0.5770721435546875	0.3750571608543396	0.4849317299321925	15	0.29070731143098444	18	0.22436095863682307	11	0.9086634516716003	0.18074443936347961	-0.37638059258461	-2.072052893709042e-07	-0.9014464020729065	-0.4328905940055847	-0.41752949357032776	0.3933519423007965	-0.8191113471984863
0.20411831140518188	-0.7071067690849304	1.492685299808727e-07	0.5043866634368896	0.37505725026130676	0.3694149781949053	18	0.33364171627922323	15	0.29694330552587145	14	0.5414192080497742	-0.8102908730506897	0.22426334023475647	9.531369471460494e-08	-0.2667410671710968	-0.9637682437896729	0.8407527804374695	0.5218026041984558	-0.1444186419248581
-0.23239034414291382	-0.9238795042037964	0.27059805393218994	0.47657114267349243	0.4515213072299957	0.4630838077799012	7	0.36257139725416526	18	0.1743447949659335	15	0.5414192080497742	-0.8102908730506897	0.22426334023475647	9.531371603088701e-08	-0.2667410671710968	-0.9637683033943176	0.840752899646759	0.5218026638031006	-0.1444186568260193
-0.12030491232872009	-0.9238795042037964	7.476272401163442e-08	0.5043866634368896	0.43188709020614624	0.3682562716353259	18	0.3351203334282828	7	0.2966233949363913	15	0.5414192080497742	-0.8102908730506897	0.22426334023475647	1.0338148115351942e-07	-0.2667410373687744	-0.9637682437896729	0.8407528400421143	0.5218026638031006	-0.1444186270236969
0.4208912253379822	0.3826833963394165	1.492685299808727e-07	0.5043866038322449	0.33708471059799194	0.9153117827692537	18	0.05526917019564447	15	0.029419047035101807	11	0.7861508131027222	0.5252894759178162	0.32563450932502747	-3.8396868262680073e-07	0.5268875360488892	-0.849934995174408	-0.6180347204208374	0.6681770086288452	0.4142133295536041
-0.0029885172843933105	0.7071068286895752	0.5	0.45299023389816284	0.4113365709781647	0.6284738692882527	8	0.26515385224016014	18	0.1063722784715872	4	0.7861508131027222	0.5252894759178162	0.32563450932502747	-3.8396868262680073e-07	0.5268875360488892	-0.8499350547790527	-0.6180347204208374	0.6681770086288452	0.41421326994895935
0.15029305219650269	0.3826833963394165	0.6532816290855408	0.43723395466804504	0.38448596000671387	0.6225706510896553	18	0.29927818395301126	8	0.07815116495733344	4	0.7861508131027222	0.5252894759178162	0.32563450932502747	-3.839686542050913e-07	0.5268875360488892	-0.849934995174408	-0.6180347204208374	0.6681770086288452	0.4142133295536041
0.4208912253379822	-0.38268351554870605	1.492685299808727e-07	0.5043866038322449	0.33708471059799194	0.41851485005555317	18	0.3030761386464096	15	0.2784090112980372	14	0.7861508131027222	-0.5252897143363953	0.3256344795227051	-9.660601563155069e-08	-0.5268869996070862	-0.8499353528022766	0.618034839630127	0.6681772470474243	-0.414212703704834
-0.0029885172843933105	-0.7071067690849304	0.5	0.45299023389816284	0.4113365709781647	0.6549791254542339	18	0.19457336462199015	7	0.15044750992377598	15	0.7861508131027222	-0.5252897143363953	0.3256344795227051	-9.660601563155069e-08	-0.5268869996070862	-0.8499353528022766	0.618034839630127	0.6681772470474243	-0.414212703704834
0.20411831140518188	-0.7071067690849304	1.492685299808727e-07	0.5043866634368896	0.37505725026130676	0.3694149781949053	18	0.33364171627922323	15	0.29694330552587145	14	0.7861508131027222	-0.5252897143363953	0.3256344795227051	-9.66060298424054e-08	-0.5268869996070862	-0.8499354124069214	0.6180347800254822	0.6681772470474243	-0.4142126441001892
0.20411831140518188	0.7071068286895752	1.492685299808727e-07	0.5043866634368896	0.37505725026130676	0.7434115032967009	18	0.14977208758434402	8	0.10681640911895512	11	0.5414190292358398	0.8102909326553345	0.22426320612430573	-3.0966742770033306e-07	0.2667411267757416	-0.9637681841850281	-0.8407528400421143	0.5218023657798767	0.14441896975040436
-0.23239034414291382	0.9238795042037964	0.27059805393218994	0.47657114267349243	0.4515213072299957	0.640277652131105	8	0.24468015023066386	4	0.11504219763823109	18	0.5414190292358398	0.8102909326553345	0.22426320612430573	-3.258029721564526e-07	0.2667411267757416	-0.9637681841850281	-0.8407529592514038	0.5218024253845215	0.14441899955272675
-0.0029885172843933105	0.7071068286895752	0.5	0.45299023389816284	0.4113365709781647	0.6284738692882527	8	0.26515385224016014	18	0.1063722784715872	4	0.5414190292358398	0.8102909326553345	0.22426320612430573	-3.1773521413924755e-07	0.2667411267757416	-0.9637682437896729	-0.840752899646759	0.5218024253845215	0.14441896975040436
0.497011661529541	-5.498014843396959e-08	1.492685299808727e-07	0.5043866038322449	0.3237506151199341	0.7898411795114103	18	0.11522317914249842	15	0.09493564134609131	14	0.9086633324623108	-0.18074427545070648	0.3763808608055115	-1.0903372640314046e-06	-0.9014479517936707	-0.4328874945640564	0.4175297021865845	0.3933485746383667	-0.8191128969192505
0.15029305219650269	-0.38268351554870605	0.6532816290855408	0.43723395466804504	0.38448596000671387	0.8907756462822985	18	0.06405342166548816	15	0.04517093205221324	14	0.9086633324623108	-0.18074427545070648	0.3763808608055115	-1.0767971616587602e-06	-0.9014479517936707	-0.4328875243663788	0.4175297021865845	0.3933486044406891	-0.8191128969192505
0.4208912253379822	-0.38268351554870605	1.492685299808727e-07	0.5043866038322449	0.33708471059799194	0.41851485005555317	18	0.3030761386464096	15	0.2784090112980372	14	0.9086633324623108	-0.18074427545070648	0.3763808608055115	-1.0903373777182424e-06	-0.9014480113983154	-0.4328874945640564	0.4175297021865845	0.3933485746383667	-0.8191129565238953
0.4208912253379822	0.3826833963394165	1.492685299808727e-07	0.5043866038322449	0.33708471059799194	0.9153117827692537	18	0.05526917019564447	15	0.029419047035101807	11	0.908663272857666	0.18074427545070648	0.3763808310031891	-1.0342902214688365e-06	0.9014479517936707	-0.4328876733779907	-0.4175297021865845	0.393348753452301	0.8191128373146057
0.20411831140518188	-5.498014843396959e-08	0.70710688829422	0.4317011535167694	0.3750573396682739	0.9056545577892869	18	0.08264805915330507	8	0.01169738305740793	4	0.908663272857666	0.18074427545070648	0.3763808310031891	-1.0478302101546433e-06	0.9014478921890259	-0.43288761377334595	-0.4175297021865845	0.393348753452301	0.8191128969192505
0.497011661529541	-5.498014843396959e-08	1.492685299808727e-07	0.5043866038322449	0.3237506151199341	0.7898411795114103	18	0.11522317914249842	15	0.09493564134609131	14	0.908663272857666	0.18074427545070648	0.3763808310031891	-1.034289994095161e-06	0.9014478325843811	-0.43288761377334595	-0.4175296425819397	0.39334869384765625	0.8191127181053162
-0.0029885172843933105	-0.7071067690849304	0.5	0.45299023389816284	0.4113365709781647	0.6549791254542339	18	0.19457336462199015	7	0.15044750992377598	15	0.2242630124092102	-0.8102909326553345	0.5414193272590637	6.253255833144067e-07	-0.5555703043937683	-0.8314695954322815	0.9745286703109741	0.1864681988954544	-0.1245933473110199
-0.5029883980751038	-0.9238795042037964	0.38268333673477173	0.4650495946407318	0.4989224076271057	0.6547977884478862	7	0.19067265018383558	0	0.15452956136827825	4	0.2242630124092102	-0.8102909326553345	0.5414193272590637	6.253256401578255e-07	-0.5555703043937683	-0.8314696550369263	0.9745286703109741	0.1864681988954544	-0.1245933473110199
-0.23239034414291382	-0.9238795042037964	0.27059805393218994	0.47657114267349243	0.4515213072299957	0.4630838077799012	7	0.36257139725416526	18	0.1743447949659335	15	0.2242630124092102	-0.8102909326553345	0.5414193272590637	6.186419909681717e-07	-0.5555702447891235	-0.8314695358276367	0.9745286703109741	0.1864681988954544	-0.1245933547616005
-0.0029885172843933105	0.7071068286895752	0.5	0.45299023389816284	0.4113365709781647	0.6284738692882527	8	0.26515385224016014	18	0.1063722784715872	4	0.3256342113018036	0.5252895355224609	0.7861509323120117	-9.431387582026218e-08	0.8314695358276367	-0.5555704236030579	-0.9454958438873291	0.18091265857219696	0.27075499296188354
-0.5029885172843933	0.3826833963394165	0.9238795638084412	0.4094184935092926	0.4989224970340729	0.8735128454581514	4	0.07638497468483862	24	0.0501021798570099	18	0.3256342113018036	0.5252895355224609	0.7861509323120117	-8.460923339725923e-08	0.8314695954322815	-0.5555704236030579	-0.9454959034919739	0.18091267347335815	0.27075496315956116
0.15029305219650269	0.3826833963394165	0.6532816290855408	0.43723395466804504	0.38448596000671387	0.6225706510896553	18	0.29927818395301126	8	0.07815116495733344	4	0.3256342113018036	0.5252895355224609	0.7861509323120117	-8.460923339725923e-08	0.8314695954322815	-0.5555704236030579	-0.9454959034919739	0.18091267347335815	0.27075496315956116
0.15029305219650269	-0.38268351554870605	0.6532816290855408	0.43723395466804504	0.38448596000671387	0.8907756462822985	18	0.06405342166548816	15	0.04517093205221324	14	0.32563406229019165	-0.5252896547317505	0.7861508131027222	2.681784394553688e-07	-0.8314693570137024	-0.555570662021637	0.9454958438873291	0.18091294169425964	-0.2707545757293701
-0.5029884576797485	-0.7071067690849304	0.7071065902709961	0.4317011833190918	0.4989224076271057	0.5471736963958223	7	0.33691990409284817	4	0.1159063995113296	24	0.32563406229019165	-0.5252896547317505	0.7861508131027222	2.681784678770782e-07	-0.8314694166183472	-0.555570662021637	0.9454959630966187	0.18091295659542084	-0.2707546353340149
-0.0029885172843933105	-0.7071067690849304	0.5	0.45299023389816284	0.4113365709781647	0.6549791254542339	18	0.19457336462199015	7	0.15044750992377598	15	0.32563406229019165	-0.5252896547317505	0.7861508131027222	2.778830889837991e-07	-0.8314692974090576	-0.555570662021637	0.9454959034919739	0.18091297149658203	-0.2707546055316925
-0.23239034414291382	0.9238795042037964	0.27059805393218994	0.47657114267349243	0.4515213072299957	0.640277652131105	8	0.24468015023066386	4	0.11504219763823109	18	0.22426296770572662	0.8102909326553345	0.5414191484451294	4.344912269971246e-07	0.5555701851844788	-0.831469714641571	-0.9745286107063293	0.18646809458732605	0.12459345161914825
-0.5029884576797485	0.7071068286895752	0.7071065902709961	0.4317011833190918	0.4989224076271057	0.8353434748675209	4	0.09702153951206456	8	0.06763498562041448	24	0.22426296770572662	0.8102909326553345	0.5414191484451294	4.344912269971246e-07	0.5555701851844788	-0.831469714641571	-0.9745286703109741	0.18646809458732605	0.12459346652030945
-0.0029885172843933105	0.7071068286895752	0.5	0.45299023389816284	0.4113365709781647	0.6284738692882527	8	0.26515385224016014	18	0.1063722784715872	4	0.22426296770572662	0.8102909326553345	0.5414191484451294	4.344912269971246e-07	0.5555701851844788	-0.831469714641571	-0.9745286107063293	0.18646809458732605	0.12459345161914825
0.20411831140518188	-5.498014843396959e-08	0.70710688829422	0.4317011535167694	0.3750573396682739	0.9056545577892869	18	0.08264805915330507	8	0.01169738305740793	4	0.3763805031776428	-0.1807442605495453	0.9086634516716003	-7.373299695245805e-07	-0.9807854294776917	-0.1950899064540863	0.9264652729034424	0.07342736423015594	-0.3691486120223999
-0.5029885172843933	-0.38268351554870605	0.9238795638084412	0.4094184935092926	0.4989224970340729	0.6719807467314475	4	0.22018004116553047	7	0.10783921210302211	24	0.3763805031776428	-0.1807442605495453	0.9086634516716003	-7.42938482289901e-07	-0.9807854294776917	-0.1950899064540863	0.9264651536941528	0.07342734932899475	-0.3691486120223999
0.15029305219650269	-0.38268351554870605	0.6532816290855408	0.43723395466804504	0.38448596000671387	0.8907756462822985	18	0.06405342166548816	15	0.04517093205221324	14	0.3763805031776428	-0.1807442605495453	0.9086634516716003	-7.429383117596444e-07	-0.9807853698730469	-0.1950898915529251	0.9264652132987976	0.07342735677957535	-0.3691486418247223
0.15029305219650269	0.3826833963394165	0.6532816290855408	0.43723395466804504	0.38448596000671387	0.6225706510896553	18	0.29927818395301126	8	0.07815116495733344	4	0.37638059258461	0.1807442456483841	0.9086634516716003	-6.707990110044193e-07	0.9807853698730469	-0.1950898915529251	-0.9264650940895081	0.07342743128538132	0.3691486716270447
-0.5029885172843933	-5.498014843396959e-08	1.0	0.4015938639640808	0.4989224970340729	0.7558621999480429	4	0.13076007728433184	7	0.11337772276762528	24	0.37638059258461	0.1807442456483841	0.9086634516716003	-6.707990678478382e-07	0.9807853698730469	-0.1950898915529251	-0.9264650940895081	0.07342743128538132	0.3691486716270447
0.20411831140518188	-5.498014843396959e-08	0.70710688829422	0.4317011535167694	0.3750573396682739	0.9056545577892869	18	0.08264805915330507	8	0.01169738305740793	4	0.37638059258461	0.1807442456483841	0.9086634516716003	-6.707990678478382e-07	0.9807854294776917	-0.1950899213552475	-0.9264651536941528	0.07342743873596191	0.3691486716270447
-0.5029884576797485	-0.7071067690849304	0.7071065902709961	0.4317011833190918	0.4989224076271057	0.5471736963958223	7	0.33691990409284817	4	0.1159063995113296	24	-0.22426339983940125	-0.8102908730506897	0.5414191484451294	1.46087117514071e-07	-0.5555703043937683	-0.8314695358276367	0.9745285511016846	-0.18646810948848724	0.12459420412778854
-0.7735863327980042	-0.9238795042037964	0.2705978751182556	0.47657114267349243	0.5463235378265381	0.46741912329396634	0	0.27544097805291773	24	0.2571398986531159	7	-0.22426339983940125	-0.8102908730506897	0.5414191484451294	1.46087117514071e-07	-0.5555703043937683	-0.8314695358276367	0.9745285511016846	-0.18646810948848724	0.12459420412778854
-0.5029883980751038	-0.9238795042037964	0.38268333673477173	0.4650495946407318	0.4989224076271057	0.6547977884478862	7	0.19067265018383558	0	0.15452956136827825	4	-0.22426339983940125	-0.8102908730506897	0.5414191484451294	1.5277069564945123e-07	-0.5555703639984131	-0.8314695954322815	0.9745285511016846	-0.18646809458732605	0.12459421157836914
-0.5029884576797485	0.7071068286895752	0.7071065902709961	0.4317011833190918	0.4989224076271057	0.8353434748675209	4	0.09702153951206456	8	0.06763498562041448	24	-0.32563450932502747	0.5252895951271057	0.7861507534980774	-1.1881033969984856e-06	0.8314691781997681	-0.5555709004402161	-0.9454957246780396	-0.1809139996767044	-0.2707544267177582
-1.1562700271606445	0.3826833963394165	0.6532813310623169	0.43723413348197937	0.6133590340614319	0.6356083365435727	24	0.2412203653097903	21	0.12317129814663696	4	-0.32563450932502747	0.5252895951271057	0.7861507534980774	-1.178398861156893e-06	0.8314692378044128	-0.5555709004402161	-0.9454956650733948	-0.18091396987438202	-0.2707544267177582
-0.5029885172843933	0.3826833963394165	0.9238795638084412	0.4094184935092926	0.4989224970340729	0.8735128454581514	4	0.07638497468483862	24	0.0501021798570099	18	-0.32563450932502747	0.5252895951271057	0.7861507534980774	-1.1881035106853233e-06	0.8314691781997681	-0.5555709004402161	-0.9454957246780396	-0.1809139996767044	-0.2707544267177582
-0.5029885172843933	-0.38268351554870605	0.9238795638084412	0.4094184935092926	0.4989224970340729	0.6719807467314475	4	0.22018004116553047	7	0.10783921210302211	24	-0.32563450932502747	-0.5252898335456848	0.7861506342887878	-1.1538430726432125e-06	-0.8314690589904785	-0.5555711388587952	0.9454957246780396	-0.1809140294790268	0.2707543969154358
